1 g
q
1 0 0 1 5.4 5.4 cm
5.4 0 m
5.4 2.9825 2.9825 5.4 0 5.4 c
-2.9825 5.4 -5.4 2.9825 -5.4 0 c
-5.4 -2.9825 -2.9825 -5.4 0 -5.4 c
2.9825 -5.4 5.4 -2.9825 5.4 0 c
f
Q
q
1 0 0 1 5.4 5.4 cm
4.9 0 m
4.9 2.7063 2.7063 4.9 0 4.9 c
-2.7063 4.9 -4.9 2.7063 -4.9 0 c
-4.9 -2.7063 -2.7063 -4.9 0 -4.9 c
2.7063 -4.9 4.9 -2.7063 4.9 0 c
s
Q
0 0 1 rg
q
1 0 0 1 5.4 5.4 cm
2.2 0 m
2.2 1.2151 1.2151 2.2 0 2.2 c
-1.2151 2.2 -2.2 1.2151 -2.2 0 c
-2.2 -1.2151 -1.2151 -2.2 0 -2.2 c
1.2151 -2.2 2.2 -1.2151 2.2 0 c
f
Q
